# Created by Octave 7.2.0, Fri Jun 30 15:07:27 2023 GMT <unknown@LAPTOP-QT2ONOCT>
# name: EQM_final
# type: scalar
0.49232430790020026


# name: Epocas
# type: scalar
3


# name: Saida_da_rede
# type: matrix
# rows: 20
# columns: 1
 0.99999456216783877
 0.99999305878952849
 0.9999920024494231
 0.99999119644143919
 0.99999062591415211
 0.99999304332541661
 0.99999326067418903
 0.99999295356328621
 0.99999144457773892
 0.99999040119014748
 0.99999024174973028
 0.99999328721473912
 0.99999360165899498
 0.99999486096345402
 0.9999935843541633
 0.99999381551209432
 0.99999358909617453
 0.99999448680717706
 0.99999492968666115
 0.99999540762999872


# name: ERM
# type: scalar
-1112.5487122015161


# name: Variancia
# type: scalar
12461033.613885712


