# Created by Octave 7.2.0, Fri Jun 30 15:07:30 2023 GMT <unknown@LAPTOP-QT2ONOCT>
# name: EQM_final
# type: scalar
0.044197794424607827


# name: Epocas
# type: scalar
20


# name: Saida_da_rede
# type: matrix
# rows: 20
# columns: 1
 0.32885461064659693
 0.31040005599409326
 0.32753300160008791
 0.30855173840965683
 0.3168363842928435
 0.30507356112165074
 0.32706541084062596
 0.31762005390418802
 0.32613025902792309
 0.31440228331703646
 0.31467025102607948
 0.30616805641588368
 0.31568477514604315
 0.32106171067839306
 0.31727956981821515
 0.31983742932857029
 0.31036277864421025
 0.31332175010725671
 0.3078289459511675
 0.32470076894310729


# name: ERM
# type: scalar
-278.93414390393366


# name: Variancia
# type: scalar
1199827.7072654518


