# Created by Octave 7.2.0, Fri Jun 30 15:07:33 2023 GMT <unknown@LAPTOP-QT2ONOCT>
# name: EQM_final
# type: scalar
0.49228238007847058


# name: Epocas
# type: scalar
3


# name: Saida_da_rede
# type: matrix
# rows: 20
# columns: 1
 0.99994189696586488
 0.99993362697640498
 0.99990860464506037
 0.99991287065066714
 0.9999008436275495
 0.99994389189307475
 0.99993079376007776
 0.99994118764866746
 0.99989892130403413
 0.99991154118226488
 0.99990068098370588
 0.99994073796827099
 0.99993913208509266
 0.99995143548651344
 0.99992598560578938
 0.99993356478847839
 0.99993175177706184
 0.99994357497475517
 0.99995313594567581
 0.9999521205107833


# name: ERM
# type: scalar
-1112.4755598207444


# name: Variancia
# type: scalar
12459553.815517101


